201430180203
201430180206
201430180208
201430180211
201430180215
201430180220
201430180221
201430180225
201430180227
201430180230
201430180303
201430180305
201430180320
201430180322
201430180326
201430180328
201430180402
201430180404
201430180405
201430180424
201430180428
201430180429
201430190214
201430190222
201430200108
201430200124
201430210105
201430210107
201430210110
201430210111
201430210118
201430210119
201430210120
201430210121
201430210122
201430210123
201430210127
201430210202
201430210203
201430210206
201430210210
201430210211
201430210222
201430210226
201430210227
201430210228
201430210229
201430220103
201430220104
201430220112
201430220121
201430220124
201430220128
201430220129
201430220131
201430220201
201430220202
201430220207
201430220215
201430220216
201430220222
201430220227
201430220228
201430220229
201430220230
201430220303
201430220305
201430220312
201430220320
201430220404
201430220405
201430220407
201430220412
201430220424
201430220425
201430220516
201430220609
201430220610
201430220615
201430220616
201430220617
201430220619
201430220624
201430230204
201430230206
201430230207
201430230209
201430230212
201430230214
201430230218
201430230227
201430230229
201430230307
201430230308
201430230314
201430230315
201430230316
201430230321
201430230322
201430230330
201430230405
201430230406
201430230412
201430230417
201430230421
201430230423
201430230425
201430230427
201430240106
201430240107
201430240109
201430240110
201430240125
201430240126
201430240205
201430240208
201430240210
201430240213
201430240214
201430240216
201430240222
201430240230
201430250104
201430250213
201430250214
201430250220
201430250224
201430250226
201430250231
201430260106
201430260107
201430260116
201430260117
201430260125
201430260126
201430260128
201430260218
201430260219
201430260228
201430270103
201430270115
201430270119
201430270125
201430270127
201430270128
201430270227
201430270229
201430280101
201430280115
201430280116
201430280126
201430280201
201430280202
201430280209
201430280210
201430280211
201430280213
201430280214
201430280221
201430280227
201430280307
201430280309
201430280312
201430280313
201430280316
201430280318
201430280324
201430280325
201430280405
201430280406
201430280407
201430280408
201430280413
201430280420
201430280421
201430280422
201430280423
201430280425
201430280430
201430280510
201430280519
201430280523
201430280525
201430280530
201430280602
201430280607
201430280610
201430280614
201430280615
201430280616
201430280630
201430280702
201430280703
201430280704
201430280706
201430280709
201430280712
201430280713
201430280714
201430280715
201430280716
201430280717
201430280722
201430280723
201430280728
201430280729
201430280801
201430280804
201430280805
201430280809
201430280812
201430280814
201430280817
201430280818
201430280822
201430280824
201430290103
201430290122
201430290131
201430290133
201430290207
201430290209
201430290211
201430290223
201430290230
201430290302
201430290303
201430290313
201430290318
201430290322
201430290402
201430290406
201430290427
201430290502
201430290503
201430290504
201430290505
201430290517
201430290518
201430290519
201430290521
201430290524
201430290525
201430290528
201430290602
201430290606
201430290608
201430290613
201430290615
201430290619
201430290622
201430290624
201430290627
201430290630
201430290703
201430290704
201430290708
201430290713
201430290715
201430290803
201430290805
201430290806
201430290807
201430290810
201430290819
201430290820
201430300102
201430300104
201430300108
201430300109
201430300115
201430300119
201430300125
201430300126
201430300131
201430300208
201430300212
201430300214
201430300217
201430300218
201430300223
201430300230
201430300306
201430300308
201430300309
201430300322
201430300323
201430300324
201430300325
201430310104
201430310123
201430310201
201430310207
201430310211
201430310215
201430310303
201430310322
201430310328
201430310329
201430320101
201430320117
201430320125
201430320127
201430320129
201430320205
201430320207
201430320208
201430320209
201430320216
201430320219
201430320225
201430320226
201430320306
201430320309
201430320323
201430320328
201430320407
201430320413
201430320421
201430320425
201430320426
201430320428
201430320430
201430320506
201430320522
201430320532
201430320603
201430320606
201430320607
201430320612
201430320624
201430320630
201430330106
201430330109
201430330114
201430330115
201430330119
201430330122
201430330123
201430330133
201430330134
201430330201
201430330209
201430330212
201430330219
201430330220
201430330224
201430330229
201430330230
201430330231
201430330304
201430330311
201430330319
201430330322
201430330324
201430330331
201430340102
201430340103
201430340105
201430340107
201430340108
201430340110
201430340119
201430340122
201430340124
201430340125
201430340203
201430340209
201430340210
201430340212
201430340216
201430340301
201430340308
201430340313
201430340319
201430340325
201430340326
201430340401
201430340409
201430340410
201430340411
201430340415
201430340504
201430340506
201430340509
201430340510
201430340513
201430340515
201430340520
201430340523
201430340524
201430340525
201430340601
201430340602
201430340604
201430340607
201430340608
201430340609
201430340612
201430340614
201430340615
201430340616
201430340622
201430340623
201430350101
201430350113
201430350114
201430350122
201430350123
201430350129
201430350205
201430350207
201430350219
201430350224
201430350227
201430350305
201430350314
201430350325
201430350407
201430350408
201430350409
201430350411
201430350412
201430350414
201430350417
201430350418
201430350423
201430360111
201430360112
201430360117
201430360201
201430360217
201430360220
201430360221
201430360222
201430360225
201430360301
201430360303
201430360306
201430360308
201430360311
201430360316
201430360323
201430360324
201430360325
201430360326
201430360327
201430360330
201430360403
201430360404
201430360413
201430360420
201430360425
201430360501
201430360502
201430360506
201430360514
201430360521
201430360524
201430360525
201430360601
201430360605
201430360607
201430360610
201430360616
201430360617
201430360620
201430360627
201430360701
201430360702
201430360709
201430360712
201430360715
201430360716
201430360803
201430360807
201430360814
201430360818
201430360825
201430360826
201430390102
201430390107
201430390114
201430390120
201430390130
201430390212
201430390213
201430390222
201430390224
201430390226
201430390229
201430390302
201430390307
201430390320
201430390327
201430390328
201430400109
201430410101
201430410108
201430410111
201430410114
201430410115
201430410116
201430410117
201430410130
201430410131
201430410209
201430410307
201430410312
201430410327
201430410332
201430420103
201430420104
201430420109
201430420120
201430420125
201430420126
201430420127
201430420205
201430420208
201430420211
201430420216
201430420218
201430420220
201430420223
201430420231
201430430104
201430430111
201430430114
201430430122
201430430126
201430430204
201430430215
201430430220
201430430221
201430430225
201430430231
201430430234
201430440102
201430440103
201430440106
201430440108
201430440111
201430440112
201430440113
201430440114
201430440115
201430440116
201430440117
201430440118
201430440121
201430440123
201430440126
201430440127
201430440128
201430440202
201430440211
201430440214
201430440217
201430440221
201430440223
201430440224
201430440225
201430440227
201430440228
201430450207
201430450209
201430450212
201430450223
201430460105
201430460106
201430460115
201430460118
201430460119
201430460121
201430460122
201430460124
201430460126
201430460128
201430460202
201430460206
201430460208
201430460209
201430460210
201430460213
201430460215
201430470112
201430470115
201430470204
201430470207
201430470220
201430470221
201430470228
201430470230
201430470309
201430470312
201430470317
201430470318
201430470321
201430470325
201430470326
201430470403
201430470404
201430470406
201430470407
201430470409
201430470418
201430470421
201430470422
201430480102
201430480104
201430480108
201430480114
201430480131
201430480201
201430480211
201430480214
201430480217
201430490206
201430490212
201430490216
201430490221
201430490224
201430490227
201430490228
201430500127
201430500130
201430500202
201430500205
201430500206
201430500230
201430500302
201430500317
201430500406
201430500409
201430500413
201430500414
201430500418
201430500429
201430500504
201430500516
201430500517
201430500518
201430500519
201430500526
201430500529
201430500601
201430500609
201430500630
201430500701
201430500706
201430500707
201430500716
201430500719
201430500725
201430500726
201430500727
201430500728
201430500816
201430500904
201430500909
201430500912
201430500925
201430500928
201430500930
201430520108
201430520128
201430520129
201430520130
201430520210
201430520215
201430520218
201430520220
201430520222
201430520225
201430520324
201430520328
201430520413
201430520421
201430520423
201430520426
201430520503
201430520504
201430520505
201430520513
201430520514
201430520517
201430520522
201430520524
201430520527
201430530105
201430530107
201430530109
201430530110
201430530117
201430530121
201430530123
201430530201
201430530205
201430530206
201430530207
201430530209
201430530211
201430530212
201430530213
201430530228
201430540207
201430540220
201430540304
201430540305
201430540317
201430540321
201430550108
201430550109
201430550118
201430550127
201430550128
201430550209
201430550214
201430550216
201430550304
201430550305
201430550307
201430550308
201430550313
201430550314
201430550316
201430550317
201430550322
201430550326
201430550329
201430560131
201430560202
201430560302
201430560311
201430560322
201430560323
201430560327
201430560329
201430560403
201430560404
201430560406
201430560411
201430560417
201430560421
201430560505
201430560508
201430560510
201430560517
201430560527
201430570101
201430570117
201430570118
201430570126
201430570128
201430570129
201430610105
201430610110
201430610117
201430610129
201430610133
201430610201
201430610202
201430610205
201430610213
201430610215
201430610218
201430610219
201430610220
201430610223
201430610224
201430610225
201430610230
201430610232
201430610303
201430610312
201430610314
201430610315
201430610322
201430610326
201430610330
201430610331
201430610332
201430610405
201430610408
201430610411
201430610420
201430610427
201430610432
201430620103
201430620109
201430620114
201430620118
201430620123
201430620126
201430620203
201430620204
201430620205
201430620206
201430620209
201430620212
201430620213
201430620214
201430620217
201430620218
201430620301
201430620303
201430620307
201430620312
201430620313
201430620316
201430620317
201430620318
201430620321
201430620323
201430620324
201430620325
201430620411
201430630102
201430630111
201430630113
201430630117
201430630127
201430630202
201430630210
201430630212
201430630215
201430630223
201430630226
201430630307
201430630308
201430630309
201430630316
201430630317
201430630318
201430630319
201430630321
201430630323
201430630408
201430630409
201430630415
201430630502
201430630508
201430630509
201430630510
201430630511
201430630516
201430630519
201430630521
201430630522
201430630523
201430680103
201430680106
201430680205
201430680207
201430680214
201430680217
201430680218
201430680220
201430680221
201430680222
201430680303
201430680304
201430680305
201430680306
201430680307
201430680309
201430680311
201430680314
201430680316
201430680326
201430690208
201430690209
201430690210
201430690222
201430690418
201430690425
201430690502
201430690504
201430690520
201430690525
201430690603
201430690609
201430690615
201430690622
201430690706
201430690707
201430730104
201430730106
201430730107
201430730116
201430730119
201430730124
201430730129
201430730131
201430730135
201430730137
201430730140
201430730202
201430730206
201430730210
201430730231
201430730301
201430730305
201430730306
201430730308
201430730310
201430730312
201430730317
201430730321
201430730324
201430730405
201430730414
201430730515
201430730516
201430730526
201430730527
201430730601
201430730602
201430730605
201430730608
201430730611
201430730613
201430730616
201430730618
201430730619
201430730621
201430740101
201430740102
201430740109
201430740113
201430740115
201430740122
201430740124
201430740125
201430740127
201430750101
201430750116
201430750117
201430750208
201430750210
201430750226
201430750319
201430750320
201430750322
201430750325
201430770102
201430770104
201430770105
201430770106
201430770109
201430770110
201430770116
201430770117
201430770201
201430770202
201430770203
201430770205
201430770212
201430770223
201430770224
201430770303
201430770307
201430770311
201430770322
201430770324
201430770402
201430770404
201430770406
201430770407
201430770409
201430770410
201430770413
201430770420
201430770424
201430790218
201430790223
201430790307
201430790309
201430790315
201430790316
201430790321
201430790322
201430810124
201430810129
201430810201
201430810204
201430810206
201430810209
201430810217
201430810218
201430810220
201430810227
201430810301
201430810303
201430810304
201430810310
201430810311
201430810313
201430810316
201430810317
201430810319
201430810323
201430810324
201430810325
201430810327
201430810328
201430810406
201430810407
201430810411
201430810425
201430820202
201430820204
201430820211
201430820216
201430820217
201430820218
201430820316
201430820318
201430820320
201430820404
201430820411
201430820414
201430820418
201430820421
201430820502
201430820504
201430820505
201430820516
201430820526
201430820528
201430820609
201430820611
201430820616
201430820617
201430820621
201430820627
201430820629
201430820706
201430820708
201430820809
201430820812
201430820923
201430820926
201430821003
201430821107
201430821109
201430821110
201430821205
201430821206
201430821207
201430821323
201430821506
201430821510
201430821514
201430821520
201430821521
201430821523
201430821527
201430821528
201430821529
201430821601
201430821602
201430821605
201430821614
201430821616
201430830207
201430830214
201430830217
201430840128
201430840212
201430840229
201430840312
201430840313
201430840319
201430840413
201430840501
201430840506
201430840507
201430840513
201430840615
201430840626
201430840627
201430840630
201430840712
201430840728
201430840801
201430840804
201430840812
201430840816
201430840817
201430840818
201430840825
201430840828
201430840830
201430840907
201430840921
201430840926
201430840929
201430841008
201430841101
201430841102
201430841103
201430841109
201430841110
201430841112
201430841113
201430841114
201430841120
201430841121
201430841122
201430841125
201430841126
201430841127
201430841128
201430841130
201430841131
201430841209
201430841221
201430841309
201430841316
201430841321
201430841322
201430841324
201430841327
201430841405
201430841408
201430841413
201430841417
201430841418
201430841424
201430841428
201430841502
201430841506
201430841508
