201511020201
201511020202
201511020205
201511020209
201511020210
201511020211
201511020212
201511020213
201511020214
201511020217
201511020218
201511020220
201511020221
201511020226
201511020227
201511020229
201511020301
201511020304
201511020305
201511020307
201511020308
201511020309
201511020317
201511020324
201511020326
201511020327
201511020401
201511020402
201511020405
201511020408
201511020501
201511020504
201511020506
201511020508
201511020511
201511020513
201511020514
201511020515
201511020516
201511020517
201511020518
201511020519
201511020521
201511020522
201511020525
201511020526
201511020527
201511020602
201511020603
201511020604
201511020607
201511020701
201511020702
201511020704
201511020705
201511020707
201511020709
201511020712
201511020713
201511020716
201511020802
201511020803
201511020808
201511020809
201511020813
201511020815
201511020822
201511020829
201511020830
201511040101
201511040104
201511040107
201511040110
201511040111
201511040112
201511040114
201511040115
201511040117
201511040118
201511040120
201511040121
201511040123
201511040203
201511040204
201511040209
201511040211
201511040218
201511040219
201511040220
201511040223
201511040226
201511040228
201511050103
201511050106
201511050113
201511050114
201511050118
201511050122
201511060101
201511060102
201511060107
201511060112
201511060113
201511060114
201511060115
201511060117
201511060118
201511060121
201511060122
201511060125
201511060126
201511060129
201511060131
201512010112
201512010113
201512010115
201512010118
201512010119
201512010125
201512010201
201512010202
201512010203
201512010204
201512010205
201512010206
201512010207
201512010209
201512010213
201512010215
201512010216
201512010218
201512010220
201512010225
201512010301
201512010304
201512010308
201512010312
201512010317
201512010322
201512010325
201512010406
201512010411
201512020101
201512020102
201512020104
201512020106
201512020107
201512020108
201512020111
201512020114
201512020116
201512020123
201512020125
201512020127
201512020201
201512020203
201512020206
201512020207
201512020210
201512020213
201512020214
201512020215
201512020216
201512020217
201512040202
201512040203
201512040204
201512040206
201512040207
201512040217
201512060103
201512060104
201512060109
201512060111
201512080104
201512080105
201512080106
201512080110
201512080111
201512080114
201512080119
201512080120
201512080122
201512080123
201512080124
201512080126
201512080129
201512080201
201512080203
201512080204
201512080205
201512080208
201512080211
201512080212
201512080214
201512080217
201512080218
201512080219
201512080226
201513010103
201513010104
201513010114
201513010115
201513010117
201513010118
201513010119
201513050105
201513050204
201513050205
201513070104
201513070106
201513070114
201513070208
201513070213
201513070215
201513070216
201513070220
201513070222
201513070228
201513070230
201513070232
201513070233
201513070323
201513070409
201513070418
201513070424
201513070428
201513070506
201513070526
201513090102
201513090108
201513090109
201513090110
201513090111
201513090114
201513090117
201513090118
201513090119
201513090122
201513090123
201513090129
201513100102
201513100104
201513100105
201513100106
201513100107
201513100111
201513100112
201513100116
201513100117
201513100121
201514010202
201514040103
201514040108
201514040110
201514040111
201514040202
201514040203
201514040209
201514040210
201514040212
201514040215
201514040217
201514040220
201514040223
201514040307
201514040308
201514040310
201514040312
201514090102
201514090104
201514090106
201514090109
201514090111
201514090112
201514090120
201514090121
201514090123
201514090202
201514090204
201514090206
201514110203
201514110205
201514110207
201514130102
201514130107
201514130108
201514130116
201514130120
201514130125
201514130129
201515040101
201515040105
201515040111
201515040201
201515040203
201515040206
201515040209
201515040216
201515040221
201515040223
201515040224
201515040227
201515040228
201515040229
201515040230
201515040231
201515040301
201515040302
201515040308
201515040309
201515040311
201515040319
201515040320
201515040408
201515040409
201515040411
201515040412
201515040413
201515040414
201515040417
201515040419
201515040423
201515040424
201515040428
201515040430
201515040431
201515050104
201515050105
201515050115
201515050119
201515050120
201515050122
201515050124
201515050125
201515050126
201515050129
201515050131
201515050132
201515050206
201515050216
201515050220
201515080109
201515080113
201515080121
201515080123
201515090121
201515090123
201515090125
201515090128
201516030101
201516030102
201516030104
201516030111
201516030114
201516030116
201516030117
201516030121
201516030122
201516030123
201516030125
201516030128
201516030129
201516060104
201516060107
201516060112
201516060117
201516060118
201516060119
201516060121
201516060122
201516060124
201516060204
201516060205
201516060213
201516060216
201516060217
201516060222
201516060224
201516060225
201516060226
201516060301
201516060303
201516100102
201516100104
201516100106
201516100108
201516100109
201516100115
201516100116
201516100117
201516100118
201516100121
201516100126
201516100129
201516100206
201516100207
201516100209
201516100211
201516100216
201516100502
201516100504
201516100510
201516100511
201516100518
201516100520
201516100525
201517050101
201517050102
201517050104
201517050105
201517050106
201517050107
201517050108
201517050110
201517050111
201517050112
201517050113
201517050115
201517050116
201517050117
201517050119
201517050120
201517050121
201517050122
201517050123
201517050124
201517050125
201517050130
201517080101
201517080107
201517080108
201517080111
201517080114
201517080116
201517080117
201517080119
201517080120
201517080121
201517080122
201517080125
201517080129
201517080207
201517080209
201517080210
201517080213
201517080216
201517080218
201517080219
201517080221
201517080223
201517080225
201517080226
201517080228
201517080301
201517080302
201517080305
201517080306
201517080308
201517080310
201517080313
201517080322
201517080324
201517080328
201517270101
201517270105
201517270110
201517270111
201517270112
201517270113
201517270115
201517270117
201517270121
201517270124
201517270125
201517270126
201517270128
201517270129
201517270130
201517270204
201517270207
201517270208
201517270209
201517270210
201517270211
201517270216
201517270220
201517270223
201517270224
201517270226
201517270228
201517270229
201517270230
201517280114
201517280119
201517280125
201517280202
201517280205
201517280207
201517280208
201517280212
201517280220
201517280221
201517280223
201517280306
201517280310
201517280312
201517280314
201517280318
201517280321
201517280323
201517280325
201517280405
201517280406
201517280419
201517280420
201517280423
201517290104
201517290114
201517290115
201517290117
201517290118
201517290119
201517290121
201517290123
201517290125
201517290126
201517290205
201517290208
201517290211
201517290213
201517290216
201517290220
201517290301
201517290302
201517290303
201517290304
201517290305
201517290306
201517290307
201517290309
201517290310
201517290312
201517290313
201517290321
201517290323
201517290326
201517290327
201517290330
201517290402
201517290403
201517290404
201517290406
201517290407
201517290409
201517290411
201517290412
201517290413
201517290415
201517300101
201517300102
201517300103
201517300104
201517300105
201517300106
201517300107
201517300108
201517300109
201517300110
201517300112
201517300114
201517300115
201517300117
201517300121
201517300122
201517300123
201517300127
201517300128
201517300129
201517300201
201517300203
201517300204
201517300205
201517300206
201517300208
201517300212
201517300213
201517300214
201517300216
201517300219
201517300227
201517300301
201517300303
201517300307
201517300310
201517300312
201517300315
201517300317
201517300319
201517300320
201517300321
201517300322
201517300324
201517300327
201517300329
201517300330
201517300401
201517300404
201517300405
201517300406
201517300409
201517300410
201517300411
201517300413
201517300414
201517300415
201517300416
201517300417
201517300418
201517300420
201517300421
201517300422
201517300425
201517300426
201517300427
201517300428
201517300429
201517310101
201517310102
201517310103
201517310105
201517310106
201517310108
201517310109
201517310110
201517310111
201517310112
201517310115
201517310116
201517310117
201517310118
201517310122
201517310123
201517310126
201517310128
201517310129
201517310130
201517310203
201517310207
201517310213
201517310214
201517310225
201517310227
201517310308
201517310313
201517310317
201517310324
201517310326
201517340101
201517340103
201517340107
201517340109
201517340110
201517340111
201517340113
201517340114
201517340117
201517340118
201517340119
201517340121
201517340122
201517340124
201517350105
201517350107
201517350108
201517350114
201517350117
201517350120
201517350122
201517350123
201517350124
201517350126
201517350127
201517350131
201518020105
201518020109
201518020110
201518020113
201518020116
201518020118
201518020119
201518020120
201518020121
201518020122
201518020123
201518020124
201518020125
201518020201
201518020204
201518020206
201518020210
201518020303
201518020304
201518020306
201518020317
201518020320
201518020321
201518020326
201518020402
201518020403
201518020408
201518020409
201518020410
201518020412
201518020414
201519030105
201519030107
201519030110
201519030112
201519030120
201519030121
201519030123
201519030132
201519030202
201519030204
201519030205
201519030209
201519030213
201519030214
201519030215
201519030217
201519030222
201519040107
201519040108
201519040109
201519080102
201519080103
201519080107
201519080113
201519080128
201519080201
201519080206
201519080207
201519080209
201519080210
201519080222
201519080224
201519080404
201519080416
201519080417
201519080423
201519080424
201519080431
201519080514
201519080526
201519080602
201519080612
201519080613
201519080615
201519080616
201519080706
201519080707
201519080708
201519080710
201519080712
201519080715
201519080722
201519080727
201519110101
201519110107
201519110109
201519110110
201519110111
201519110119
201519110124
201519110125
201520010101
201520010104
201520010105
201520010107
201520010113
201520010114
201520010115
201520010118
201520010120
201520010124
201520010127
201520010131
201520010133
201520010203
201520010204
201520010304
201520010307
201520010308
201520010319
201520010325
201520010329
201520010406
201520010407
201520010408
201520010417
201520010419
201520010425
201520010505
201520010509
201520010514
201520010517
201520010519
201520010523
201520010524
201520010525
201520010530
201520010602
201520010605
201520010607
201520010608
201520010616
201520020101
201520020105
201520020108
201520020113
201520020119
201520020124
201520020125
201520020129
201521020107
201521020108
201521020110
201521020111
201521020113
201521020202
201521020203
201521020204
201521020209
201521020213
201521020215
201521020216
201521020223
201521020224
201521020225
201521020302
201521020304
201521020306
201521020308
201521020407
201521020413
201521060101
201521060102
201521060105
201521060106
201521060109
201521060111
201521060113
201521060115
201521060117
201521060120
201521060121
201521060124
201521060127
201521060128
201521160103
201521160104
201521160105
201521160108
201521160113
201521160114
201521160123
201521170101
201521170102
201521170103
201521170104
201521170105
201521170107
201521170111
201521170202
201521170211
201521170215
201521170220
201521170230
201521180502
201521180505
201521180509
201521180517
201521180522
201521180524
201521180526
201521180529
201521180530
201521180608
201521190206
201521190208
201521190302
201521190304
201521190313
201521190404
201521190405
201521190406
201521190409
201521190412
201521190415
201521190418
201521190425
201521190426
201521190428
201521190429
201521190432
201521200104
201521200201
201521200204
201521200209
201521200212
201521200214
201521200227
201521200304
201521200307
201521200401
201521200403
201521200404
201521200406
201521200407
201521200408
201521200413
201521200417
201521200422
201521200428
201521200510
201521200515
201521200608
201521200614
201521200615
201521200621
201521200622
201521200623
201521200624
201521200625
201521200626
201521200630
201522010106
201522010117
201522010204
201522010225
201522010230
201522010308
201522010310
201522010311
201522010313
201522010315
201522010414
201522010425
201522010427
201522010510
201522010524
201522010525
201522010612
201522010615
201522010625
201522010626
201522010702
201522010703
201522010711
201522010716
201522010719
201522010721
201522010725
201522010726
201522010729
201522010810
201522010811
201522010826
201522010901
201522010908
201522010914
201522010915
201522010917
201522060102
201522060104
201522060114
201522060124
201522060128
201522060130
201522060201
201522060205
201522060206
201522060209
201522060221
201522060226
201522060227
201522060230
201522070101
201522070106
201522070114
201522070116
201522070117
201522070121
201522070122
201522070128
201522070202
201522070204
201522070205
201522070206
201522070207
201522070208
201522070209
201522070210
201522070213
201522070225
201522070230
201522070303
201522070304
201522070306
201522070307
201522070308
201522070309
201522070313
201522070315
201522070317
201522070324
201522070410
201522070411
201522070412
201522070413
201522070417
201522070418
201522070419
201522070426
201522070429
201522070430
201522070502
201522070510
201522070515
201522070516
201522070523
201522080102
201522080103
201522080104
201522080105
201522080116
201522080117
201522080118
201522080120
201522080125
201522080126
201522080131
201522080132
201522080205
201522080213
201522080215
201522080216
201522080218
201522080224
201522080227
201522080230
201522080232
201523110101
201523110103
201523110110
201523210111
201523210115
201523220101
201523220114
201523220116
201523220117
201523220120
201523220123
201523220129
201524010106
201524010113
201524010115
201524010119
201524010120
201524010128
201524010131
201524010201
201524010210
201524010214
201524010216
201524010221
201524010228
201524010230
201524010301
201524010306
201524010311
201524010322
201524010328
201524010330
201524010406
201524010410
201524010413
201524010418
201524010422
201524010424
201524010426
201524010429
201524010431
201524010504
201524010506
201524010509
201524010517
201524010518
201524010522
201524010525
201524010601
201524010606
201524010610
201524010612
201524010616
201524010618
201524010620
201524010627
201525010101
201525010105
201525010110
201525010120
201525010122
201525010124
201525010128
201525010130
201525010131
201525010202
201525010203
201525010204
201525010211
201525010302
201525010303
201525010306
201525010309
201525010312
201525010314
201525010321
201525010324
201525010326
201525010517
201525010518
201525010521
201525010522
201525010523
201525010524
201525010526
201525010601
201525010603
201525010609
201525010610
201525010611
201525010615
201525010616
201525010617
201525010625
201525040101
201525040108
201525040114
201525040116
201525040117
201525040128
201525040129
201525040216
201525040220
201525040224
201525040230
201525040310
201525040313
201525040314
201525040315
201525040330
201525040412
201525040414
201525040417
201525040421
201525040424
201525040428
201525040429
201525040501
201525040502
201525040503
201525040505
201525040508
201525040511
201525040513
201525040514
201525040515
201525040518
201525040519
201525040523
201525040526
201525040527
201525040528
201525050106
201525050121
201525050124
201525050202
201525050203
201525050204
201525050205
201525050207
201525050210
201525050212
201525050218
201525050220
201525050226
201525050227
201525050302
201525050303
201525050309
201525050310
201525050311
201525050312
201525050313
201525050315
201525050317
201525050321
201525050322
201525050325
201525050401
201525050406
201525050407
201525050411
201525050415
201525050426
201525060108
201525060110
201525060202
201525060208
201525060221
201525060229
201525060302
201525060303
201525060307
201525060312
201525060325
201525100101
201525100116
201525100120
201525100122
201525100123
201525100124
201525100125
201525100207
201525100210
201525100212
201525100213
201525100217
201525100305
201525100306
201525100307
201525100308
201525100319
201525100325
201525100401
201525100402
201525100408
201525100409
201525100413
201525100414
201525100422
201525120208
201525120224
201525120225
201525120227
201527010111
201527010202
201527010203
201527010206
201527010207
201527010208
201527010214
201527010215
201527010216
201527010217
201527010218
201527010219
201527010220
201527010221
201527010227
201527010228
201527010230
201527010328
201527010330
201527010401
201527010403
201527010404
201527010405
201527010412
201527010413
201527010419
201527010421
201527010430
201527010501
201527010503
201527010511
201527010518
201527010519
201527010528
201527010610
201527010611
201527010615
201527010619
201527010623
201528020101
201528020102
201528020104
201528020109
201528020113
201528020120
201528020121
201528020207
201528020213
201528020229
201528020307
201528020311
201528020324
201528020325
201528020326
201528020327
201528020328
201528020330
201528020401
201528020409
201528020410
201528020411
201528020412
201528020414
201528020415
201528020416
201528020428
201528020507
201528020514
201528020515
201528020521
201528020526
201528020528
201528020601
201528020603
201528020605
201528020607
201528020621
201528020622
201528020628
201528020704
201528020706
201528020707
201528020709
201528020714
201528020716
201528020720
201528020721
201528020725
201528020730
201528020804
201528020821
201528050102
201528050104
201528050105
201528050106
201528050111
201528050119
201528050120
201528050122
201528050123
201528050129
201528050201
201528050206
201528050210
201528050225
201528080101
201528080102
201528080104
201528080105
201528080113
201528080114
201528080119
201528080125
201528080127
201528080129
201528080210
201528080211
201528080218
201528080222
201528080230
201529010104
201529010105
201529010107
201529010108
201529010109
201529010111
201529010112
201529010114
201529010116
201529010117
201529010118
201529010120
201529010121
201529010122
201529010125
201529010126
201529010128
201529010129
201529010202
201529010204
201529010208
201529010209
201529010213
201529010219
201529010220
201529010221
201529010222
201529010225
201529010227
201529010229
201529010230
201529010231
